Id	Hume	Ojo	Nvo
col18	1	50.6	0	0
col5	2	56.5	1	0
col25	3	27.6	0	0
col6	4	40.5	1	0
col12	5	74.6	0	0
col11	6	53.1	0	0
col9	7	82.8	1	0
col13	8	39.7	1	0
col20	9	33.0	1	0
col16	10	18.6	0	0
col8	11	28.3	1	0
col23	12	09.0	0	0
col10	13	39.4	1	0


col7	1	57.3	1	1
col24	2	53.2	0	1
col26	3	46.9	1	1
col15	4	34.4	0	1
col3	5	81.5	1	1
col14	6	62.8	1	1
col22	7	95.0	0	1
col19	8	52.9	0	1
col1	9	49.7	0	1
col21	10	19.9	1	1
col2	11	38.0	0	1
col4	12	18.4	1	1
col17	13	40.5	0	1

New = c(57.3, 53.2, 46.9, 34.4, 81.5, 62.8, 95.0, 52.9, 49.7, 19.9, 38.0, 18.4, 40.5)
Ref = c(50.6, 56.5, 27.6, 40.5, 74.6, 53.1, 82.8, 39.7, 33.0, 18.6, 28.3, 09.0, 39.4)